1
2
3
7
10
12
13
14
15
18
20
21
22
27
28
32
36
39
42
48
49
52
53
54
56
57
58
62
63
64
65
69
72
77
78
82
84
86
90
94
97
98
100
102
104
110
112
114
119
120
123
124
126
127
132
134
135
136
137
138
140
143
146
147
152
154
158
164
165
169
175
176
177
179
182
185
190
191
193
195
197
199
203
206
209
210
212
213
214
215
223
225
228
230
232
234
237
238
244
247
248
250
254
256
260
261
265
266
268
270
271
273
275
277
279
280
281
282
283
284
285
292
293
295
296
299
300
302
303
304
305
307
309
310
311
314
316
317
321
322
323
324
325
327
330
331
333
337
339
340
341
342
343
345
351
355
360
361
362
366
367
368
369
370
371
372
374
375
376
382
385
386
388
390
392
393
399
404
407
408
409
411
413
416
419
420
421
424
425
427
428
430
432
436
439
440
443
444
446
454
456
462
463
464
468
469
470
473
478
479
481
490
491
492
493
496
498
503
504
505
507
508
510
511
512
518
519
520
521
523
525
533
536
539
541
545
548
549
550
553
559
564
568
569
570
573
575
579
580
581
582
586
589
592
595
596
600
601
603
608
610
613
614
616
620
625
626
628
631
634
635
638
640
643
644
645
646
648
653
656
660
661
667
668
670
672
673
674
676
680
681
683
688
689
690
694
695
699
702
706
709
716
720
723
724
725
726
730
734
735
737
738
739
740
742
744
746
747
749
750
751
755
759
760
761
763
767
768
771
774
778
779
783
785
786
787
789
790
792
793
796
810
811
812
813
814
819
822
823
824
826
827
833
834
835
838
839
840
843
844
845
847
851
852
854
857
859
864
866
868
877
878
881
883
884
886
887
890
892
896
897
898
899
900
901
902
905
906
909
910
912
913
914
915
920
925
928
929
931
939
945
946
950
953
956
958
960
962
965
966
969
972
973
975
985
988
989
997
998
999