0
1
2
3
5
6
7
8
10
12
15
18
19
20
21
23
24
27
33
34
36
38
39
40
46
47
50
52
53
55
59
60
61
67
70
71
73
74
75
77
78
79
83
84
86
88
89
90
91
92
93
97
98
99
102
103
105
107
109
111
113
114
116
118
120
121
122
124
125
126
128
129
130
131
133
134
135
136
140
141
143
147
148
149
150
151
152
154
157
160
161
164
165
167
168
169
170
171
172
174
175
177
178
179
181
182
184
185
186
187
188
191
192
193
195
196
197
199
202
204
205
206
208
209
210
211
212
213
216
217
218
220
221
223
225
226
228
229
230
237
242
243
246
247
248
249
251
252
254
255
258
260
261
262
263
264
267
270
271
272
274
277
278
280
281
283
287
288
289
290
291
293
295
296
300
301
302
305
307
309
310
311
313
314
315
316
320
321
322
324
325
327
328
329
330
333
336
339
340
341
342
343
344
345
347
348
349
351
353
354
356
357
360
361
362
363
364
365
366
367
369
370
371
375
380
381
384
386
388
389
390
391
395
399
401
404
406
407
410
411
414
415
416
417
418
419
420
421
422
423
425
426
429
431
432
433
434
436
437
438
439
442
444
445
446
447
449
451
452
454
455
456
457
458
460
464
465
466
467
468
469
471
472
473
477
479
480
481
483
485
486
488
490
492
495
496
498
500
501
502
506
507
508
509
510
513
515
516
518
519
520
524
525
526
527
529
530
532
535
536
539
540
541
542
543
544
547
548
549
551
552
553
554
555
560
565
567
568
569
570
572
574
576
577
578
580
582
583
586
587
588
589
590
591
594
595
601
602
603
605
606
608
610
612
614
616
617
618
619
620
624
629
631
632
634
637
639
641
642
644
646
653
654
655
656
657
658
659
662
663
665
666
667
669
672
674
675
677
680
681
684
685
690
691
694
695
696
697
698
699
700
701
703
704
705
706
708
710
711
712
713
714
715
716
718
719
720
721
722
726
727
728
730
731
733
734
738
739
740
741
742
745
748
749
750
751
753
755
756
758
760
761
763
764
768
769
770
771
772
777
779
782
784
787
790
792
793
794
795
797
801
805
807
808
809
810
812
814
816
817
818
819
820
821
822
825
827
830
831
832
833
835
838
839
841
842
844
845
846
847
849
850
851
852
853
854
856
857
858
860
862
863
864
865
866
869
872
873
874
875
876
878
879
880
882
884
885
886
887
888
890
892
893
897
898
901
904
905
907
908
909
912
915
916
917
918
919
922
923
926
927
930
931
936
938
939
940
945
949
950
954
955
956
959
960
966
967
968
969
970
971
972
974
975
977
978
979
980
984
985
987
989
991
992
993
994
996
998
999