1
3
4
10
13
15
17
18
22
28
31
35
37
41
43
45
49
51
55
62
63
65
73
77
79
82
84
85
89
91
96
97
99
100
102
104
105
107
110
111
113
114
118
119
121
122
123
125
126
131
132
133
140
142
143
147
162
170
171
172
178
180
183
186
188
190
194
198
199
200
202
210
215
220
221
226
229
231
232
234
242
249
253
254
259
260
264
276
277
282
288
290
291
292
295
296
297
307
309
311
315
317
318
319
323
324
326
328
329
341
343
346
349
351
354
355
356
357
361
364
365
373
376
377
378
379
384
386
389
390
393
394
397
402
403
406
408
415
420
430
434
440
443
445
448
450
453
455
456
457
460
461
462
464
468
471
472
476
489
495
500
502
510
515
516
525
528
530
532
535
537
541
542
545
553
554
556
557
559
560
561
562
565
572
574
576
577
579
582
585
586
587
595
598
599
601
603
606
607
610
611
612
613
620
625
627
628
631
633
640
641
642
646
647
648
666
671
689
690
697
699
701
703
708
710
711
712
718
721
722
724
725
727
731
735
736
738
741
742
749
753
755
759
762
763
771
772
773
775
782
784
786
790
791
792
793
794
800
802
805
807
809
810
811
812
815
817
820
821
823
825
830
837
842
851
853
854
859
861
863
866
868
869
878
882
886
889
894
898
901
902
905
906
908
911
912
913
916
922
928
929
938
946
951
953
954
955
956
957
958
959
961
963
964
976
980
987
992