0
5
6
8
9
10
11
12
13
14
15
16
17
18
19
21
24
26
27
28
31
32
33
35
36
37
38
39
40
41
42
43
44
45
46
47
48
50
51
53
56
57
58
59
60
61
62
63
65
66
67
68
69
70
72
74
75
78
79
80
82
83
85
87
88
89
90
96
97
98
99
100
102
103
105
106
109
111
112
113
114
115
116
117
119
121
123
127
128
130
132
134
135
136
138
141
145
151
152
153
156
159
160
161
163
164
166
168
170
171
172
173
174
176
178
180
181
182
184
185
186
187
189
191
195
196
197
198
200
202
204
206
208
209
210
211
212
213
214
215
217
218
219
220
222
225
227
228
229
230
231
232
233
234
235
240
242
244
245
247
250
252
254
257
259
260
261
262
264
265
267
268
271
273
274
275
276
277
280
281
282
283
284
286
287
288
289
292
293
294
295
297
299
300
301
302
303
304
306
310
311
313
314
316
319
320
321
322
323
324
325
328
330
334
335
337
338
340
341
342
343
344
348
349
352
354
357
358
359
360
361
362
364
366
367
368
369
370
371
372
373
376
379
383
384
385
387
389
392
393
394
395
397
400
401
403
404
406
408
409
410
411
414
415
417
418
419
421
422
427
428
429
431
434
435
436
437
438
440
442
447
448
454
457
458
459
463
464
465
466
469
472
473
475
476
477
478
481
484
485
486
488
489
492
494
497
499
500
501
502
503
504
505
506
507
508
510
512
513
515
516
517
520
522
526
527
528
531
533
535
536
537
538
539
540
543
544
545
548
553
555
556
557
562
563
566
567
569
571
572
573
574
576
578
579
583
584
585
587
588
589
592
593
595
596
597
598
599
602
604
607
610
612
613
614
616
617
619
621
622
623
624
625
629
631
634
636
637
639
640
641
642
643
644
647
649
650
652
653
655
656
657
658
659
660
661
662
663
666
667
668
671
674
675
676
677
681
683
684
686
687
689
690
692
693
696
697
699
702
703
704
707
708
709
711
713
714
715
716
717
718
720
721
723
724
728
729
732
734
735
736
738
739
742
745
746
747
748
750
751
756
758
759
761
764
767
768
769
770
771
772
773
776
778
779
781
783
784
785
790
791
792
794
796
797
800
805
806
808
810
811
815
816
819
821
825
826
828
829
831
834
835
836
837
838
840
841
843
844
845
846
850
852
854
858
859
861
863
865
867
868
869
871
872
874
875
876
877
878
879
880
881
883
884
885
886
887
888
890
892
894
895
896
897
899
901
902
903
906
908
910
911
914
918
919
921
922
925
927
929
930
932
934
935
937
938
939
940
941
943
944
945
946
950
952
953
954
955
958
962
963
964
966
967
969
970
974
976
977
979
980
982
988
990
991
993
995
999