1
5
8
9
11
14
17
18
19
20
21
22
23
24
25
26
28
29
31
32
33
35
36
38
39
40
45
46
47
48
49
54
55
56
59
61
63
67
69
70
72
74
76
77
79
81
82
83
84
85
86
87
89
91
94
95
97
101
102
106
107
110
111
113
114
115
116
117
118
120
126
127
129
131
133
138
140
142
147
148
150
151
152
153
154
155
158
160
162
164
165
170
173
174
175
176
177
179
182
183
184
188
189
190
191
193
194
196
197
198
200
202
203
205
206
207
208
210
211
214
215
218
219
221
222
223
224
227
229
230
232
233
234
235
237
238
239
240
241
242
244
245
246
247
249
253
255
256
258
259
261
263
264
266
267
268
269
270
271
276
281
284
286
289
292
295
296
297
299
301
304
309
310
311
315
316
318
322
325
326
327
329
331
332
333
334
336
337
338
341
343
345
347
348
349
350
351
352
353
355
357
359
361
362
363
366
367
368
369
371
373
376
377
378
379
380
382
383
384
385
386
388
389
390
391
393
395
396
397
399
400
401
403
404
405
406
407
408
410
411
412
416
417
418
419
420
421
422
423
424
429
433
434
435
436
439
440
441
443
447
448
449
450
454
457
458
460
461
463
464
467
468
469
470
472
474
476
480
481
482
483
484
485
486
487
488
490
491
492
493
496
498
499
500
503
504
505
506
508
510
511
513
515
516
518
524
526
529
530
535
538
539
540
541
542
543
544
546
547
548
549
550
554
555
557
558
559
561
563
566
570
571
572
575
576
577
578
579
582
584
585
588
589
590
591
592
594
595
596
598
599
600
601
602
604
606
609
610
611
612
614
616
619
620
621
622
623
624
627
628
629
630
634
638
640
642
644
645
647
648
649
650
651
654
660
661
663
664
668
669
670
672
673
677
678
680
681
682
685
686
688
691
692
697
702
703
704
705
706
707
708
709
711
712
714
715
717
719
720
721
723
724
726
727
728
729
732
736
738
742
743
744
747
749
750
751
754
755
756
757
759
760
762
764
766
767
769
771
773
774
776
777
779
780
783
784
785
786
788
790
792
793
795
796
798
799
801
802
803
806
808
810
811
813
815
816
817
819
820
821
823
825
828
831
835
838
839
840
841
843
846
847
848
849
850
851
852
853
857
858
859
861
862
864
865
866
867
870
871
872
874
878
879
881
882
885
886
889
890
892
897
898
901
902
903
906
908
910
913
914
915
917
922
923
924
926
928
931
933
936
937
939
940
941
942
943
944
945
948
949
952
954
956
959
960
963
967
978
979
980
981
985
988
991
992
993
994
995
998