0
1
2
4
5
6
8
9
10
11
12
13
14
15
17
19
20
21
22
23
24
25
26
27
29
30
31
32
35
36
38
39
40
42
43
44
45
46
47
48
49
50
52
53
54
55
56
57
58
59
60
61
62
63
64
67
68
69
70
71
72
73
74
76
77
78
81
82
83
84
85
86
87
88
89
90
91
92
94
95
96
97
98
99
100
101
102
103
106
107
109
110
111
112
113
114
116
117
118
119
120
121
122
123
124
125
126
127
128
129
130
131
132
133
134
135
137
138
139
140
143
144
146
147
149
150
151
152
153
154
155
156
158
159
161
163
165
166
167
168
169
170
172
173
174
176
177
178
179
181
182
183
184
185
187
188
190
191
192
193
194
195
196
197
198
199
200
203
204
205
207
209
211
212
213
214
219
220
221
222
223
224
225
226
227
228
229
232
233
235
236
237
238
239
240
241
242
243
244
245
247
249
250
251
252
253
255
256
258
259
260
261
262
263
264
265
266
267
268
269
270
271
272
274
276
277
278
279
280
281
282
284
285
288
289
290
291
292
293
294
295
296
299
300
302
303
305
306
307
308
310
311
312
313
315
316
318
319
320
321
322
323
325
326
327
328
329
330
331
332
333
334
335
336
337
338
339
341
342
343
344
345
346
347
348
349
350
351
352
353
354
356
357
358
359
360
362
364
365
366
368
369
370
371
372
373
374
375
376
377
380
382
384
385
387
389
390
391
392
393
394
395
396
399
400
401
403
404
405
406
407
408
409
410
412
413
414
415
416
417
419
420
421
422
423
424
425
426
428
429
430
431
432
433
434
435
436
437
438
439
441
442
445
446
447
448
450
451
452
454
455
456
457
459
460
461
462
464
465
466
467
469
470
471
472
473
474
475
476
477
478
479
481
482
483
484
485
486
487
488
489
490
491
492
493
494
496
497
498
499
500
501
503
504
505
507
508
509
510
511
512
513
514
515
518
519
520
521
522
524
525
527
528
529
530
531
533
534
535
536
537
539
540
541
542
543
544
547
549
550
551
552
553
554
555
556
558
559
560
561
562
563
564
565
566
567
568
569
570
571
572
573
574
576
578
579
580
581
582
583
584
585
587
588
590
591
595
596
597
598
599
601
602
603
604
605
606
607
608
609
611
612
613
614
615
617
618
619
620
621
622
623
624
625
626
627
629
632
633
634
636
637
638
639
641
642
643
646
647
649
650
652
653
654
655
656
659
660
661
662
663
664
665
666
667
668
669
670
672
673
675
676
677
679
680
681
682
684
685
686
687
688
689
691
692
693
694
696
697
698
699
700
702
704
705
706
707
708
709
710
711
714
715
716
718
719
720
721
722
723
724
725
726
727
728
729
730
731
732
733
735
736
738
739
740
742
744
745
746
748
749
750
751
752
753
754
755
756
757
758
760
761
762
763
764
766
767
768
770
771
772
774
775
776
777
779
781
782
783
784
785
786
788
789
790
791
794
795
796
797
798
803
804
805
806
807
809
810
812
813
814
815
816
818
819
820
822
823
825
826
827
828
829
830
831
832
833
834
835
836
837
838
839
840
841
842
843
844
845
846
847
848
849
850
851
852
853
854
855
856
857
859
860
861
862
863
864
865
867
868
869
870
872
873
875
877
879
880
882
884
885
886
887
888
889
890
891
892
893
894
895
896
897
899
900
901
902
904
905
907
908
909
910
911
912
913
914
915
916
917
918
919
921
923
925
926
927
928
929
930
931
933
935
936
937
938
939
940
943
944
945
946
947
950
951
952
954
956
957
958
960
961
962
963
964
965
966
967
968
969
970
971
972
973
974
975
976
977
978
979
980
981
983
984
985
986
987
988
989
990
991
992
993
994