0
1
3
4
6
9
11
13
15
16
17
22
23
26
28
29
30
31
32
38
42
43
44
45
47
49
50
51
53
54
55
56
57
58
59
62
63
64
66
68
69
70
71
72
75
76
79
82
83
84
87
88
89
90
95
96
97
98
99
100
101
105
107
108
113
115
116
117
118
121
124
126
127
129
130
131
132
134
136
141
145
146
148
149
151
152
153
154
155
156
168
169
170
173
175
176
177
179
180
181
183
184
185
186
188
189
190
191
194
195
196
197
204
205
206
207
208
209
210
211
212
213
214
215
217
219
220
226
229
230
231
238
239
242
244
245
247
249
253
254
257
259
261
264
266
268
270
273
274
276
277
278
279
280
282
284
286
287
288
290
292
296
297
298
299
302
303
305
306
307
309
310
311
312
314
315
316
319
321
323
325
331
332
333
335
336
337
343
344
349
353
355
357
358
359
360
362
363
365
367
369
370
371
374
376
379
380
382
384
385
386
389
391
392
393
394
396
397
403
404
407
408
409
410
411
415
416
417
418
420
422
423
424
425
427
428
429
430
437
439
441
444
445
446
447
448
449
453
455
456
458
460
462
465
469
470
475
476
479
480
481
483
487
488
490
492
493
495
496
497
499
502
505
506
507
508
511
516
518
519
520
523
526
529
530
531
538
540
542
544
545
547
549
550
552
555
557
559
561
566
567
568
570
572
576
577
579
580
583
584
585
588
593
597
599
600
602
603
604
605
608
609
612
615
616
617
620
623
625
626
627
629
630
633
635
637
638
640
641
642
643
646
648
649
651
654
655
656
657
659
660
662
664
666
668
674
676
678
679
681
682
684
685
686
687
690
691
692
694
697
698
699
701
702
704
707
709
711
712
714
717
723
725
727
728
731
734
735
736
737
742
744
745
746
748
751
752
755
757
759
760
761
762
765
771
774
776
779
780
783
784
786
788
789
790
791
795
803
804
806
808
809
810
811
812
813
815
816
817
818
820
823
824
825
828
829
830
831
833
834
835
837
838
841
842
846
847
849
852
853
854
855
857
858
862
865
866
868
870
871
872
873
875
878
881
885
886
887
888
889
891
892
894
895
896
900
901
902
904
907
908
909
910
913
915
916
918
920
923
924
927
929
931
932
933
934
935
941
944
945
948
949
952
953
958
959
960
961
962
963
964
965
969
971
973
974
976
979
983
984
985
986
991
993
995
999